-0.0447675
0
0.0447675
0.089387
0.13371
0.177588
0.22087
0.263407
0.305048
0.345641
0.385036
0.423083
0.459635
0.494549
0.527686
0.558916
0.588117
0.615176
0.639997
0.662494
0.682603
0.700273
0.715478
0.728211
0.738486
0.746343
0.751843
0.755071
0.756131
0.755151
0.752278
0.747674
0.741517
0.733997
0.725314
0.715671
0.705277
0.694338
0.683055
0.671623
0.660226
0.649036
0.638206
0.627875
0.618159
0.609155
0.600938
0.593563
0.587061
0.581444
0.576704
0.572816
0.569736
0.567409
0.565768
0.564736
0.564229
0.564162
0.564447
0.564995
0.565724
0.566555
0.567417
0.568247
0.568991
0.569607
0.57006
0.57033
0.570403
0.570278
0.569962
0.569469
0.568821
0.568047
0.567178
0.56625
0.565301
0.56437
0.563495
0.562715
0.562065
0.561579
0.561289
0.561222
0.561405
0.561858
0.562601
0.563651
0.565021
0.566722
0.568763
0.571152
0.573894
0.576992
0.580448
0.584262
0.58843
0.592948
0.597808
0.602996
0.6085
0.614297
0.620365
0.626673
0.633186
0.639865
0.646664
0.653533
0.660417
0.667257
0.673991
0.680556
0.686889
0.692926
0.698606
0.703874
0.70868
0.71298
0.716742
0.719941
0.722567
0.724621
0.726117
0.727085
0.727566
0.727615
0.727301
0.7267
0.725902
0.725
0.724095
0.723288
0.72268
0.72237
0.722449
0.722999
0.72409
0.725776
0.728099
0.731077
0.734712
0.738984
0.743853
0.74926
0.755125
0.761351
0.767829
0.774433
0.781032
0.787486
0.793655
0.799402
0.804594
0.809112
0.812846
0.815708
0.817629
0.818562
0.818487
0.81741
0.815362
0.812404
0.808618
0.804113
0.799019
0.793483
0.787666
0.78174
0.775882
0.770268
0.765071
0.760454
0.756566
0.753538
0.751477
0.750465
0.750556
0.751774
0.754111
0.757528
0.761957
0.767299
0.773432
0.780209
0.787465
0.795022
0.802693
0.810289
0.817621
0.824509
0.830788
0.836309
0.840948
0.844606
0.847216
0.848741
0.849181
0.848566
0.846962
0.844467
0.841207
0.837334
0.83302
0.828456
0.823841
0.81938
0.815276
0.811726
0.808912
0.806995
0.806113
0.806375
0.807854
0.810588
0.814575
0.819775
0.826105
0.833445
0.841637
0.850488
0.859776
0.869252
0.878645
0.887673
0.89604
0.90345
0.909611
0.914239
0.917065
0.917842
0.916348
0.912387
0.9058
0.896458
0.88427
0.869182
0.851174
0.830261
0.806493
0.779947
0.750729
0.718965
0.684803
0.648406
0.609945
0.569601
0.527554
0.483988
0.439079
0.393001
0.345917
0.297982
0.249342
0.200132
0.150478
0.1005
0.0503079
1.08797e-05
-0.0502862
-0.100478
-0.150457
-0.200111
-0.249321
-0.297962
-0.345897
-0.392981
-0.43906
-0.483969
-0.527536
-0.569583
-0.609928
-0.64839
-0.684788
-0.718951
-0.750715
-0.779935
-0.806482
-0.830252
-0.851165
-0.869175
-0.884264
-0.896453
-0.905796
-0.912385
-0.916347
-0.917842
-0.917066
-0.91424
-0.909613
-0.903453
-0.896043
-0.887676
-0.878649
-0.869256
-0.85978
-0.850492
-0.841641
-0.833449
-0.826108
-0.819777
-0.814577
-0.810589
-0.807855
-0.806375
-0.806113
-0.806994
-0.808911
-0.811725
-0.815275
-0.819378
-0.823839
-0.828454
-0.833018
-0.837332
-0.841206
-0.844466
-0.846961
-0.848565
-0.849181
-0.848742
-0.847217
-0.844608
-0.84095
-0.836312
-0.830791
-0.824512
-0.817624
-0.810292
-0.802697
-0.795025
-0.787468
-0.780212
-0.773435
-0.767302
-0.761959
-0.75753
-0.754112
-0.751775
-0.750556
-0.750465
-0.751476
-0.753537
-0.756565
-0.760452
-0.765069
-0.770266
-0.775879
-0.781738
-0.787664
-0.793481
-0.799017
-0.804111
-0.808616
-0.812402
-0.815361
-0.817409
-0.818487
-0.818562
-0.81763
-0.815709
-0.812848
-0.809113
-0.804597
-0.799404
-0.793658
-0.787488
-0.781034
-0.774436
-0.767832
-0.761354
-0.755127
-0.749262
-0.743855
-0.738986
-0.734713
-0.731078
-0.7281
-0.725777
-0.72409
-0.722999
-0.722449
-0.72237
-0.72268
-0.723287
-0.724094
-0.725
-0.725901
-0.7267
-0.7273
-0.727615
-0.727566
-0.727085
-0.726118
-0.724621
-0.722568
-0.719942
-0.716743
-0.712982
-0.708682
-0.703877
-0.698609
-0.692928
-0.686891
-0.680559
-0.673994
-0.66726
-0.66042
-0.653536
-0.646667
-0.639868
-0.633189
-0.626675
-0.620367
-0.6143
-0.608502
-0.602999
-0.59781
-0.59295
-0.588432
-0.584264
-0.58045
-0.576994
-0.573895
-0.571153
-0.568764
-0.566723
-0.565021
-0.563652
-0.562602
-0.561858
-0.561405
-0.561222
-0.561289
-0.561579
-0.562064
-0.562714
-0.563495
-0.564369
-0.565301
-0.566249
-0.567177
-0.568046
-0.568821
-0.569468
-0.569962
-0.570278
-0.570403
-0.57033
-0.570061
-0.569607
-0.568992
-0.568247
-0.567417
-0.566555
-0.565724
-0.564995
-0.564447
-0.564162
-0.564229
-0.564735
-0.565767
-0.567408
-0.569735
-0.572814
-0.576702
-0.581442
-0.587058
-0.59356
-0.600935
-0.609151
-0.618154
-0.62787
-0.638202
-0.649031
-0.660222
-0.671618
-0.68305
-0.694333
-0.705273
-0.715667
-0.72531
-0.733994
-0.741514
-0.747671
-0.752276
-0.75515
-0.756131
-0.755071
-0.751845
-0.746346
-0.73849
-0.728215
-0.715484
-0.70028
-0.682611
-0.662504
-0.640007
-0.615188
-0.588129
-0.55893
-0.5277
-0.494564
-0.459651
-0.423099
-0.385053
-0.345659
-0.305066
-0.263426
-0.220889
-0.177607
-0.133729
-0.0894062
-0.0447869
-1.93712e-05
0.0447482
